Results:
Model number corresponds to the order that they appear in the slides

			AVG		0 		1 		2 		3 		4 		5 		6 		7 		8 		9 		10 		11 		12 		13 		14 		15 		16 		17 		18
Model 1		22.76 	84.75, 	0.00, 	73.67, 	0.00, 	0.00, 	0.00, 	0.00, 	0.00, 	79.04, 	0.00, 	92.62, 	0.00, 	0.00, 	79.53, 	0.00, 	0.00, 	0.00, 	0.00, 	0.00
Model 2		22.33 	83.44, 	0.00, 	72.32, 	0.00, 	0.00, 	0.00, 	0.00, 	0.00, 	77.43, 	0.00, 	91.87, 	0.00, 	0.00, 	76.81, 	0.00, 	0.00, 	0.00, 	0.00, 	0.00
Model 3		22.39 	83.21, 	0.00, 	72.97, 	0.00, 	0.00, 	0.00, 	0.00, 	0.00, 	79.74, 	0.00, 	92.05, 	0.00, 	0.00, 	75.12, 	0.00, 	0.00, 	0.00, 	0.00, 	0.00
Model 4		29.50 	88.52, 	41.99, 	76.32, 	0.00, 	0.00, 	37.45, 	0.00, 	0.00, 	79.91, 	39.12, 	90.93, 	0.00, 	0.00, 	76.77, 	0.00, 	0.00, 	0.00, 	0.00, 	0.00
Model 5		29.53 	88.08, 	40.87, 	73.08, 	0.00, 	0.29, 	33.79, 	0.00, 	4.83, 	82.70, 	40.79, 	90.98, 	0.00, 	0.00, 	76.05, 	0.00, 	0.00, 	0.00, 	0.00, 	0.00



